2838895
2838883
2838876
2838872
2838863
2838862
2838752
2838751
2838748
2838746
2838744
2838736
2838665
2838661
2838658
2838653
2838649
2838648
2838647
2838646
2838641
2838640
2838639
2838597
2838595
2838593
2838591
2838588
2838586
2838583
2838578
2838576
2838575
2838574
2838572
2838571
2838570
2838569
2838561
2838560
2838559
2838555
2838552
2838551
2838548
2838548
2838546
2838546
2838545
2838545
2838544
2838544
2838494
2838494
2838490
2838488
2838484
2838483
2838482
2838481
2838479
2838478
2838474
2838472
2838468
2838465
2838379
2838377
2838463
2838462
2838461
2838293
2838277
2838273
2838459
2838260
2838458
2838259
2838257
2838255
2838253
2838244
2838243
2838239
2838236
2838235
2838234
2838233
2838232
2838230
2838229
2838227
2838219
2838217
2838215
2838212
2838211
2838210
2838209
2838208
2838207
2838206
2838205
2838204
2838203
2838202
2838193
2838190
2838189
2838187
2838183
2838182
2838180
2838126
2838124
2838113
2838111
2838107
2838105
2838103
2838099
2838097
2838094
2838090
2838085
2838077
2838074
2838056
2838052
2838050
2838048
2837977
2837974
2837972
2837969
2837964
2837894
2837873
2837819
2837818
2837814
2837808
2837807
2837806
2837805
2837796
2837758
2837744
2837735
2837733
2837719
2837715
2837714
2837713
2837711
2837700
2837699
2837672
2837662
2837657
2837656
2837655
2837648
2837569
2837564
2837432
2837430
2837429
2837427
2837426
2837647
2837422
2837613
2837417
2837591
2837272
2837588
2837270
2837587
2837258
2837256
2837586
2837582
2837577
2837244
2837241
2837240
2837239
2837238
2837236
2837235
2837234
2837232
2837231
2837230
2837229
2837226
2837222
2837238
2837221
2837220
2837219
2837118
2837117
2837221
2837125
2837115
2837217
2837111
2837214
2837208
2837207
2837204
2837202
2837200
2837150
2837136
2837131
2837128
2836847
2836846
2836847
2836689
2836689
2836686
2836686
2836681
2836681
2836679
2836678
2836678
2836675
2836675
2836673
2836673
2836671
2836671
2836670
2836670
2836668
2836668
2836667
2836667
2836666
2836666
2836665
2836662
2836662
2836658
2836658
2836653
2836653
2836650
2836650
2836636
2836636
2836635
2836635
2836632
2836632
2836628
2836628
2836623
2836622
2836619
2836617
2836613
2836611
2836607
2836605
2836601
2836589
2836586
2836580
2836576
2836575
2836573
2836569
2836565
2836558
2836554
2836551
2835920
2835809
2835685
