2839045
2839036
2839035
2839028
2839007
2839004
2838999
2838996
2838994
2838964
2838962
2838957
2839045
2839043
2839036
2839035
2839030
2839028
2839026
2839007
2839005
2839004
2839000
2838999
2838997
2838996
2838994
2838964
2838962
2838959
2838958
2838957
2839045
2839043
2839036
2839035
2839030
2839028
2839026
2839007
2839005
2839004
2839000
2838999
2838997
2838996
2838994
2838964
2838962
2838959
2838958
2838957
2839045
2839043
2839036
2839035
2839030
2839028
2839026
2839007
2839005
2839004
2839000
2838999
2838997
2838996
2838994
2838964
2838962
2838959
2838958
2838957
2839045
2839043
2839036
2839035
2839030
2839028
2839045
2839043
